spawns:
  default:
    world: a8eee1b0-e48a-42a7-916d-c300272d84e6
    world-name: world
    x: 227.0092367221369
    y: -34.0
    z: -25.03521117077119
    yaw: -109.19050598144531
    pitch: 14.715763092041016
  aidenjo:
    world: 52418c2a-66f3-425e-8ed4-87aa21288810
    world-name: pvp
    x: -88.69999998807907
    y: -60.0
    z: -10.699999988079071
    yaw: 3.53936767578125
    pitch: 73.55481719970703
  s_rko:
    world: a8eee1b0-e48a-42a7-916d-c300272d84e6
    world-name: world
    x: 35.09868049218572
    y: -60.0
    z: -108.7132111834273
    yaw: 9.965036392211914
    pitch: 3.978334665298462
